
    //----------------------------------------------------------------------------------------------
    //音楽データ　おもちゃの兵隊マーチ (通常音階)
    const unsigned short usOngaku01[128]={
1063,1063,1063,679,679,805,23,1063,1063,1063,295,423,549,23,1063,1063,935,807,679,
423,167,1559,1303,1045,1061,1045,1063,1063,677,1061,1061,39,1063,805,1061,1061,39,
1063,677,1061,1573,1317,1063,935,807,679,421,39,1063,677,1061,1061,39,1063,421,1061,
1061,39,1063,1317,1317,437,437,1077,1049,1177,1305,1433,1559,1047,1303,1047,661,1045,
663,1045,1047,789,1045,791,1045,1047,661,1045,1557,1301,1047,919,791,663,405,23,
1047,661,1045,1045,23,1047,789,1301,1301,165,677,21,421,21,167,1049,1177,1305,1433,
1559,165,21,21,21,21,21,37,
0xFFFF
} ;
    //音楽データ　おもちゃの兵隊マーチ　*テンポを6
    const unsigned char ucTempo01 = 6;


    //----------------------------------------------------------------------------------------------
    //音楽データ　森のくまさん
    const unsigned short usOngaku01[128]={
39,1063,935,1063,677,37,39,679,551,679,165,37,39,679,423,167,421,37,39,1063,1319,
1063,677,37,39,1063,1319,1575,181,1061,677,165,1315,39,1319,1575,1319,1061,805,677,
421,163,39,1063,935,1063,677,37,39,679,551,679,165,37,39,679,423,167,421,37,39,1063,
1319,1063,677,37,39,1063,1319,1575,181,1061,677,165,1315,39,1319,1575,1319,1061,805,
677,421,162,37,37,37,37,37,37,
0xFFFF
} ;
    //音楽データ　森のくまさん　*テンポを6
    const unsigned char ucTempo01 = 6;


    //----------------------------------------------------------------------------------------------
    //音楽データ　めりーさんのひつじ
    const unsigned short usOngaku01[128]={
676,423,165,421,677,677,675,421,421,419,677,1061,1059,676,423,165,421,677,677,675,
421,421,676,423,163,37,37,37,37,37,
0xFFFF
} ;
    //音楽データ　めりーさんのひつじ　*テンポを6
    const unsigned char ucTempo01 = 6;


    //----------------------------------------------------------------------------------------------
    //音楽データ　かもめの水兵さん
    const unsigned short usOngaku01[128]={
165,677,1060,1319,1062,681,166,681,1061,37,1317,181,436,695,438,185,1318,1065,1317,
37,183,441,185,1318,1065,1319,185,1321,1062,681,1063,1321,1065,678,425,676,39,166,
425,678,1065,1318,1065,182,1321,1063,1321,1065,678,425,164,39,37,37,37,37,37,
0xFFFF
} ;
    //音楽データ　かもめの水兵さん水兵さん　*テンポを6
    const unsigned char ucTempo01 = 6;


    //----------------------------------------------------------------------------------------------
    //音楽データ　うさぎのダンス
    const unsigned short usOngaku01[128]={
38,681,1062,1321,1062,809,678,425,166,425,678,1065,1318,681,1061,38,681,1062,681,
1062,1321,182,441,694,185,438,185,1574,1321,1061,38,1065,694,697,438,185,1574,1321,
1062,681,1062,681,1062,1321,1061,38,681,1062,681,1062,1321,182,441,694,1065,1318,
1065,1318,441,181,37,37,37,37,37,
0xFFFF
} ;
    //音楽データ　うさぎのダンス　*テンポを6
    const unsigned char ucTempo01 = 6;



